1349103
1324457
1319193
1313253
1320370
1347024
1383454
1353566
1411571
1396098
1393432
1433799
1413389
1491005
1449805
1456820
1456285
1457874
1410132
1499535
1553779
1486536
1522356
1502179
1511520
1559050
1577483
1576900
1592378
1603714
1660706
1681426
1639405
1696540
1830831
1842237
1844783
1826012
1886090
1897700
1948244
1917803
1975739
1962830
1968644
1982098
2132944
2180054
2136096
2143374
2120605
2104006
2191996
2113934
2209295
2163252
2178784
2079069
2113790
2156212
2095417
2055934
2150675
2194008
2165015
2185770
2211841
2216088
2242546
2275191
2336446
2313805
2328546
2421822
2528336
2527292
2596011
2603731
2692932
2745128
2744610
2926239
2931087
2949550
2980660
3034562
3079754
3082406
3195488
3181072
3286146
3316699
3329483
3334042
3626175
3592212
3556556
3596880
3688373
3647040
3713582
