435660
429962
467993
502813
513746
518783
501607
518638
552648
485344
456862
470756
463757
472910
501608
473739
486693
489384
493813
503506
502249
495278
509928
497890
493315
507496
525367
500332
516296
505098
502684
531638
535129
578497
578049
580946
596991
645084
614851
629586
686471
711219
733058
740534
787625
805048
836632
838829
873149
876539
923255
937151
941144
971238
1019873
1006404
1078413
1071830
1055625
1050001
1094579
1086648
1097001
1120504
1078877
1101613
1130431
1114258
1139991
1138089
1183424
1184023
1173990
1253524
1255231
1272892
1306010
1306087
1353774
1369553
1403616
1456122
1518843
1548480
1624413
1676630
1621015
1694234
1748165
1790496
1859782
1859935
1892726
1919707
1922728
1997278
2039606
2041128
2070685
2097800
2233420
2138118
2137780
2197364
2210939
2262429
2253463
2241522
2229431
2252872
2248272
2250691
2311792
2311936
2296458
2319195
2312098
2399350
2400776
2343413
2404754
2392947
2510978
2554474
2492945
2558623
2625081
2707830
2822643
2839804
2846759
2853192
2931670
2955368
3018895
3019781
3081519
3084006
3473868
3418943
3486920
3463788
3411322
3428638
3703467
3518014
3438987
3446867
3482859
3601521
3442491
3502063
3429627
3415902
3474229
3391565
3353452
3414646
3424224
3392752
3376159
3304816
3392937
3344678
3240954
3252814
3228017
3342026
3311848
3350821
3401262
3401102
3426789
3540544
3528166
3649382
3611526
3699990
3805039
3709070
3711626
3700577
3772206
3768886
3852486
3876671
