470740
576478
621756
563312
558923
581495
537650
577704
557622
584563
562755
545007
530984
583075
628182
603070
557504
553876
556471
559315
571426
583446
604938
565402
629008
705822
821106
819095
815661
885231
884719
872068
932567
940201
936826
969198
972297
1057870
1014978
1103379
1115539
1153553
1143794
1147324
1227037
1629965
1549570
1622337
1712981
1647593
1754704
1676681
1618411
1603743
1631348
1604882
1617919
1589746
1593241
1575649
1600525
1515041
1615176
1557589
1659930
1557498
1540403
1533210
1475829
1520973
1549548
1547510
1599450
1738064
1757265
1898253
1997233
1982335
2182959
2206903
2256519
2266408
2290039
2471407
2476693
2557658
2610825
2686016
3241387
3248373
3218685
3284216
3223351
3287806
3298556
3364655
3381102
3354025
3342572
3402467
3354026
3280388
3265932
3299707
3324184
3297008
3319929
3326115
3356450
3373192
3381047
3374442
3402447
3424852
3501845
3512464
3613092
3657008
3643214
3688439
3744770
3846216
4001077
4101144
4185918
4249372
4265218
4380226
4372738
4446276
4503052
4606629
4679922
4701462
4659438
4674904
4702739
4612575
4678084
4619004
4636002
4556529
4552860
4553669
4492442
4446345
4536828
4492043
4508471
4533250
4492543
4458617
4484146
4534110
4531137
4546961
4511938
4507282
4533003
4549232
4526486
4569489
4560710
4616685
4687400
4745258
4797391
4864132
4905106
4961212
5010954
5048335
5099477
5104902
5228332
5266427
5294097
5342732
5597018
5609827
5623289
5548858
5538931
5496412
5531797
5501980
5533368
5520226
5525692
5527483
5512936
5480165
5548040
5511529
5465351
5530547
5362533
5195341
4690401
4658910
4714094
4659395
4640333
4660520
4649680
4643886
4624728
4646192
4689194
4731646
4771796
4724097
4764095
4824969
4846178
4851193
4897099
5026396
5067360
5134077
5200583
5198271
5200954
5288083
5313047
5364466
5467131
5725296
5684685
5629373
5635262
5652427
5664600
5602752
5510335
5049878
5509735
5329150
5349850
5363382
5310639
5256761
5289885
5258969
5333372
5329235
5301238
5264944
5378922
5341048
5330005
5267023
5258342
5290308
5259603
5336640
5280227
5325426
5300460
5330917
5344974
5398881
5328805
5372978
5423862
5723220
5721546
5783484
5875479
5895996
5917448
5940582
6014220
6059895
6171797
6170333
6206024
6118996
6165271
6050532
6018543
5991227
5987232
5980503
5989748
5978432
5974868
6029327
6027328
6028065
6024399
5961743
5738370
5704235
5678595
5679761
5704940
5641130
5665700
5680048
5632067
5648650
5654804
5687499
5679999
5676858
5644791
5775835
5647826
5694750
6072085
5911710
6028734
6123235
6064930
6058872
6033020
6039267
6036488
6045662
6085403
6104292
6340369
6387066
6135187
6154900
6073126
6065362
6111295
6133774
6097890
6043140
6068093
6066554
6008664
5998077
6045317
